Jami’ At Tirmidhi 

Grades by Darussalam

Da’if ( International Numberings & English Translations ) :

[  14, 21, 28, 29, 30, 50, 53, 54, 55, 58, 59, 65, 77, 88, 97, 99, 106, 107, 112, 113, 114,

118, 119, 123, 126, 127, 128, 131, 136, 137, 145, 169, 171, 172, 184, 188, 194, 195, 196, 198, 199, 200,

201, 206, 218, 233, 238, 239, 241, 244, 257, 261, 268, 282, 284, 286, 288, 296, 297, 314, 315, 319, 320,

334, 345, 358, 366, 378, 385, 408, 410, 411, 419, 420, 423, 435, 440, 452, 453, 459, 463, 473, 476, 477,

479, 486, 490, 501, 509, 513, 527, 528, 529, 530, 545, 551, 552, 568, 569, 580, 586, 589, 591, 601, 606, 

609 , 613, 620, 622, 623, 631, 633, 634, 638, 641, 644, 649, 650, 651, 653, 654, 659, 660, 663, 664, 674, 

678, 679, 686, 687, 691, 700, 701, 714, 718, 719, 720, 723, 725, 726, 730, 731, 732, 735, 739, 741, 746, 

748, 749, 755, 758, 762, 777, 789, 797, 801, 812, 813, 814, 815, 819, 822, 827, 832, 838, 846, 850, 852, 

855, 859, 866, 867, 873, 878, 885, 887, 907, 919, 920, 927, 931, 945, 946, 962, 969, 980, 981, 984, 985, 

986, 989, 1011, 1016, 1017, 1019, 1020, 1021, 1026, 1028, 1032, 1038, 1041, 1045, 1053, 1055, 1057, 1061, 

1073, 1076, 1077, 1080, 1084, 1085 , 1089, 1097, 1103, 1104, 1105, 1111, 1112, 1113, 1117, 1119,

1120, 1122, 1128, 1136, 1141, 1142, 1143, 1144, 1149, 1155, 1167, 1173, 1149, 1155, 1177, 1178, 1182, 1198, 

1201, 1209, 1217, 1228, 1238, 1249, 1257, 1264, 1266, 1281, 1282, 1284, 1287, 1288, 1296, 1319,

1360, 1366, 1384, 1386, 1393, 1398, 1399, 1400, 1401, 1404, 1424, 1442, 1447, 1453, 1457, 1460, 1461, 1462, 1466, 

1467, 1474, 1481, 1493, 1495, 1498, 1499, 1506, 1507, 1514, 1517, 1518, 1528, 1544, 1548, 1549, 1555, 1567, 1573, 

1576, 1583, 1604, 1605, 1612, 1616, 1634, 1641, 1644, 1668, 1677, 1683, 1704, 1708, 1709, 1714, 1715, 1716, 1734, 

1743, 1746, 1756, 1757, 1775, 1776, 1777, 1780, 1781, 1782 , 1784, 1792, 1804, 1808, 1811, 1817, 1823, 1828, 1832, 

1835, 1838, 1846, 1848, 1849, 1854, 1856, 1862, 1885, 1886, 1891, 1895, 1896, 1910, 1912, 1917, 1921, 1929, 1940, 

1941, 1946, 1950, 1951, 1952, 1961, 1962, 1963, 1964, 1972, 1976, 1978, 1980, 1986, 1991, 1993, 1994, 1995, 2000, 

2008, 2012, 2022, 2034, 2048, 2051, 2052, 2053, 2054, 2058, 2065, 2069, 2072, 2075, 2078, 2079 , 2081, 2084, 2086, 

2087, 2091, 2092, 2094, 2099, 2102, 2114, 2115, 2130, 2139, 2148, 2149, 2150, 2163, 2167, 2178, 2191, 2198, 2210, 

2211, 2212, 2213, 2232, 2238, 2248 , 2254, 2266, 2269, 2274, 2288, 2298 ,2299, 2300, 2305, 2316 , 2317, 2318, 2340, 

2347, 2350, 2352, 2355, 2356 , 2369, 2370, 2375, 2383, 2384, 2386, 2392, 2403, 2404, 2405, 2406, 2412, 2416, 2417, 

2425, 2427, 2429, 2432, 2439, 2440, 2443, 2448, 2449, 2450, 2456, 2457, 2458, 2459, 2460, 2464, 2465, 2473, 2476, 

2478, 2479 , 2480, 2482, 2484, 2490, 2494, 2496, 2499, 2505, 2506, 2509, 2510, 2512, 2519, 2526, 2532, 2533, 2534, 

2540, 2543, 2548, 2549, 2550, 2553, 2558 ,2562, 2564, 2566, 2577, 2581, 2584, 2586, 2587, 2591, 2599, 2601, 2612, 

2617, 2626, 2630, 2633, 2641, 2647, 2648, 2650, 2651, 2654, 2655 , 2666, 2677, 2678, 2680, 2681, 2682, 2683, 2684, 

2686 , 2687, 2695, 2698, 2699, 2707, 2713, 2714, 2725, 2727, 2728 ,  2730 , 2731 , 2732, 2735 , 2736, 2740, 2744, 

2748, 2753, 2758, 2760, 2762, 2777, 2788, 2791 , 2799, 2800, 2807, 2811, 2814, 2816, 2820, 2822, 2823, 2829, 2842, 

2848, 2861, 2869, 2878, 2879, 2887, 2888, 2889,  2890, 2892, 2893, 2894, 2895, 2898, 2905, 2906, 2911, 2912, 2913, 

2916, 2918, 2922, 2926, 2927, 2928, 2929, 2930, 2933, 2934, 2936, 2946, 2948, 2950, 2951, 2952, 2957, 2988, 2990, 

2991, 2995, 2998, 3009, 3022, 3037, 3039, 3047, 3048, 3049, 3055, 3061, 3064, 3066, 3070, 3075, 3077, 3080, 3082, 

3084, 3091, 3093, 3095, 3101, 3113, 3118, 3122, 3123, 3126, 3127, 3128, 3131, 3139, 3142, 3152, 3156, 3164, 3165, 

3168, 3169, 3170, 3176, 3187, 3190, 3195, 3199, 3206, 3207, 3214, 3225, 3226, 3228, 3229, 3230, 3231, 3232, 3240, 

3243, 3250, 3252, 3255, 3256, 3275, 3278, 3294, 3295, 3296, 3298 , 3299, 3300, 3308, 3316, 3317, 3320, 3321, 3322, 

3326, 3327, 3328, 3330, 3342, 3347, 3350, 3353, 3355, 3364, 3365, 3370, 3371, 3373, 3376, 3386, 3395, 3397, 3415, 

3419, 3425, 3426, 3427, 3428, 3429, 3430, 3431, 3432, 3436, 3442, 3450, 3451, 3455, 3457, 3462, 3464, 3465, 3471, 

3473, 3479, 3480, 3483, 3491, 3499, 3500, 3504, 3507, 3509, 3510, 3512, 3516, 3518, 3520, 3521, 3523, 3526, 3528, 

3532, 3548, 3549, 3552, 3554, 3556, 3560, 3561, 3562, 3569, 3570, 3571, 3580, 3584, 3585, 3586, 3594, 3596, 3599, 

'3604 d' , '3604 e' , '3604 g' , 3607, 3608, 3610, 3616, 3620, 3622, 3626, 3628, 3638, 3645,  3658, 3659, 3661, 3668, 

3669, 3670, 3673, 3679, 3680, 3683, 3684, 3685, 3692, 3694, 3698, 3700, 3702, 3714, 3715 , 3717, '3717b', 3718, 3720, 

3723, 3725, 3726, 3727, 3728, 3733, 3737, 3739, 3741, 3746, 3752, 3753, 3758, 3759, 3762, 3766, 3767, 3771, 3772, 3779, 

3780, 3784, 3785, 3797, 3799, 3803, 3808, 3809, 3811, 3812, 3822, 3826, 3830, 3831, 3832, 3837, 3845, 3862, 3863, 3865, 

3866, 3868, 3870, 3874, 3884, 3892, 3896, 3897, 3904, 3909, 3919, 3923, 3927, 3928, 3929, 3931, 3932, 3937, 3939, 3942, 3943

]


Mawdu’ : 
[ 1859 ] 
