Musnad Imam Ahmad

Grades by Darussalam

Da’if ( International Numberings ) :

[  4, 13, 21, 22, 26, 27, 31, 32, 37, 38, 41, 43, 45, 59, 64, 65, 66, (69 , 70 ),  71, 75, 80, 93, 101, (102, 103) , 

115, 141, 144, 146, 150, 152, 156, 193, 195, 206, 211, 261, ( 286, 287 ), 291, 292, 293, 303, 305, 307, 308, 311, 327,

330, 345, 387, 399, ( 416, 417 ) , 423, 439, 440, 443, 453, 461, 463, 467, 471, 477, 479, ( 481, 482 ) ,499, 502, 512,

517, 519, 521, 527, 529, 530, 531, 532, 533, 536, 537, 538, 539, 542, 545, 552, 554, 557, 565, 566, 569, 570, 573, 576, 

578, 581, ( 588, 589 ) , 595, 608, 609, 614, 635, 636, 641, 644, 645, 646, 647, 648, 649, 651, 655, ( 657, 658 ), 659, 661, 

662, 663, 665, ( 668, 669 ) , ( 673, 674 ), 675, 678, 679, 683, 685, 686, 687, 688, 689, 691, 692, 693, 694, 695, 696, 699, 

700, 703, 704, 713, 719, 720, 721, 725, 727, 728, 736, 739, 742, 743, 745, 747, 752 , 754, 764, 765, 767, 769, 774, 776, 777, 

778, 782, 783, 790, 792, 794, 801, 802, 808, 809, 810, 814, 815, 817, 820, 828, 830, 831, 843, 845, 846, ( 849, 850 ) , 852, 

856, 857, 859, 860, 861, 862, 865, 866, 874, 875, 881, 883, 884, 887, 888, 889, 890, 892, 896, 921, 925, 929, 937, 953, 961, 

962, 965, ( 967, 968 ) , 980, 984, 997, 1041, 1045, 1052, 1063, 1070, 1078, 1089, 1091, 1116, 1117, 1118, 1120, 1121, 1129, 

1130, 1131, 1136, ( 1137, 1138 ) , 1142, ( 1155, 1156 ) ,  1165, 1170, 1175, ( 1176, 1177 ) , ( 1191, 1192 ),  1206, 1207, 1210 ,

1216, 1222, 1231, 1235, 1239, 1244, ( 1247 , 1248 ),  1249, 1253, 1254, 1263, 1268, 1270, 1274, 1278, 1279, 1286, 1290, 1296, 1297, 

( 1300, 1301 ), 1302, ( 1304 , 1305 ), 1310, 1311, 1313, 1318, 1319, 1322, 1323, 1329, 1333, 1335, 1336, 1340, ( 1343, 1344 ), 1353, 1355, 

1356, ( 1367, 1368 ), 1371, 1374, 1376, 1377, 1381, 1382, 1389, 1397, 1401, 1402, 1411, 1415, 1416, 1420, 1421, 1422, 1424, 1425, ( 1430, 1431 , 1432 ) ,1435, 1436 

                                ] 


Mawdu’ : 
[ ] 


Shadh’

[ ]

Munkar’ :

[ ]


