Sunan Nisai

Grades by Darussalam

Da’if ( International Numberings) :

[ 30, 34, 38, 115, 153, 208, 211, 273, 325 ,375, 518, 584, 593, 594, 625, 662, 663, 732, 753, 758, 800, 836, 870, 

 882, 892, 893, 915, 923, 971, 972, 992, 1026, 1058, 1086, 1087, 1089, 1104, 1112, 1129, 1143, 1146, 1154, 1176, 

 1206, 1232, 1270, 1272, 1273, 1281, 1343, 1353, 1354, 1372, 1374, 1387, 1419, 1485, 1486, 1487, 1488, 1489, 1490,

 1526, 1580, 1651, 1661, 1675, 1698, 1701, 1716, 1728, 1731, 1746, 1802, 1803, 1811, 1859, 1882 , 2167, 2409, 2410,
 
 2430, 2431, 2432, 2515, 2520, 2527, 2528, 2559, 2567, 2573, 2587, 2592, 2618, 2509, 2644, 2745, 2754, 2847, 3096, 
 
 3144, 3161, 3173, 3174, 3192, 3193, 3277, 3350 , 3407, 3410, 3427, 3428, 3488, 3489, 3490, 3491, 3492, 3537, 3564, 
 
 3565, 3664, 3665, 3666, 3669, 3757, 3758, 3762, 3815, 3842, 3843, 3844, 3846, 3847, 3941, 3942, 3952, 4011, 4012, 
 
 4028, 4036, 4041, 4042, 4079, 4668, 4681, 6885, 4697, 4732, 4733, 4751, 4773, 4774, 4775, 4776, 4777, 4778, 4780, 
 
 4788, 4799, 4802, 4805, 4808, 4809, 4872, 5055, 5056, 5057, 5089, 5090, 5091, 5110, 5111, 5116, 5117, 5120, 5121, 
 
 5122, 5123, 5124, 5125, 5137, 5138, 5139, 5142, 5143, 5163, 5170, 5189, 5190, 5191, 5192, 5193, 5194, 5209, 5213, 
 
 5237, 5296, 5400, 5468, 5471, 5473, 5474, 5485, 5486, 5493, 5494, 5507, 5539, 5540, 5574, 5600, 5641, 5665, 5669, 
 
 5676, 5677, 5679, 5681, 5693, 5694, 5695, 5702, 5703, 5705, 5706, 5707, 5715, 5716, 5717, 5718, 5727, 5743, 5748, 
 
 5749, 5754 ] 

Munkar’ ( International Numberings) : 

[ 2151 , 2243 , 2993 , 4668 , 4978 , 5189 ]

______________________________

Da’if ( English Translations  / Sunnah.com ) :

[ 30, 34, 38, 115, 153, 209, 212, 274, 326, 375, 519, 585, 594, 595, 626, 663, 664, 733, 754, 759, 801, 

837, 871, 883, 893, 894, 916, 924, 972, 973, 993, 1027, 1059, 1087, 1088, 1090, 1105, 1113, 1130, 1144, 

1147, 1155, 1177, 1207, 1233, 1271, 1273, 1274, 1282, 1344, 1354, 1355, 1373, 1375, 1388, 1420, 1486, 

1487, 1488, 1489 , 1490, 1491, 1527, 1581, 1652, 1662, 1676, 1699, 1702, 1717, 1729, 1732, 1747, 1803, 

1804, 1812, 1860, 1883, 2169, 2411, 2412, 2432, 2433, 2434, 2517, 2521, 2528, 2529, 2560, 2568, 2574, 

2588, 2593, 2619, 2510, 2645, 2746, 2755, 2850, 3098, 3146, 3163, 3175, 3176, 3194, 3195, 3279, 3352, 

3436, 3439, 3457, 3458, 3518, 3519 , 3520, 3521, 3522, 3567, 3594, 3595, 3694, 3695, 3696, 3699, 3788, 

3789, 3793, 3846, 3873, 3874, 3875, 3877, 3878, 3393, 3394, 3404, 4016 , 4017, 4033, 4041, 4046, 4047, 

4084, 4672, 4685, 6889, 4701, 4736, 4737, 4755, 4777, 4778, 4779 , 4780, 4781, 4782, 4784, 4792, 4803, 

5806, 4809, 4812, 4813, 4876, 5058, 5059, 5060, 5092, 5093, 5094, 5113, 5114, 5119, 5120, 5123, 5124, 

5125, 5126, 5127, 5128, 5140, 5141, 5142, 5145, 5146, 5166, 5173, 5192, 5193, 5194, 5195, 5196, 5197, 

5212, 5216, 5239, 5298, 5402, 5470, 5473, 5475, 5476, 5487, 5488, 5495, 5496, 5509 , 5541, 5542, 5577,

5603, 5644, 5668, 5672, 5679, 5680, 5682, 5684, 5696, 5697, 5698, 5705, 5706, 5708, 5709, 5710, 5718,
 
5719, 5720, 5721, 5730, 5746, 5751, 5752, 5757 ] 

Mawdu’ : 
[ ] 

Shadh’
[ ]

Munkar’ ( English Translations ):
[ 2153 , 2245 , 2996 , 4672 , 4981 , 5192 ]
